svn_authors_current = ['nancyontiveros']

svn_authors_other = ['apetrov',
                     'evan',
                     'ikalveri',
                     'jgt',
                     'joanna',
                     'nawrocki',
                     'rdf',
                     'rfamprod',
                     'ruthe',
                     'sb30',
                     'swb',
                     'testuser']

curator_orcids = {
    'Emma': '0000-0002-7894-8112',
    'Nancy': '0000-0001-8457-4455',
    'Blake': '0000-0002-6497-2883',
    'Anton': '0000-0001-7279-2682',
    'Ioanna': '0000',
    'Sam': '0000-0001-6043-807X',
    'nancyontiveros': '0000-0001-8457-4455',
    'bsweeney': '0000-0002-6497-2883',
    'apetrov': '0000-0001-7279-2682',
    'ecooke': '0000-0002-7894-8112'
}
checkin_terms = {
    'CI': 'update_family',
    'NEW': 'create_family',
    'KILL': 'delete_family',
    'CLCI': 'update_clan',
    'CLKILL': 'delete_clan'
}

sheet_terms = {
    'Done (new family)': 'create_family',
    'Done (updated family)': 'update_family'
}
